.500432049036309
1.500744120107930
2.503638900816644
3.519598106061484
4.577664392271091
5.726280497140910
7.015974187984020
8.481234289243147
10.138255514240456
11.992658181015353
14.045648992778244
16.297181817168575
18.746894601554043
21.394401919676667
24.239375945408415
27.281600086462451
30.520800930341689
33.956858980735340
37.589608138687119
41.418967222273054
45.444844103449782
49.667096320671519
54.085647696116339
58.700558782177104
63.511541615341820
68.518689428979499
73.721843881776408
79.121086870855308
84.716164700847031
90.507076048367011
96.493810616327494
102.676283460556220
109.054383817883817
115.628081665810868
122.397304212881167
129.361982176863989
136.522013436516374
143.877364190847459
151.427962190836496
159.173719699260971
167.114514555451137
175.250304521687582
183.581030875114891
192.106584310074197
200.826863875962289
209.741839994381138
218.851361235108328
228.155305126139126
237.653675304483329
247.346407096788852
257.233244069174418
267.314238194688585
277.589159771039135
288.058049167020101
298.720742789621966
309.577064706617307
320.626964755341362
331.870370152751661
343.307116597053607
354.937104338447227
366.760250951483897
378.776394134058478
390.985425490905129
403.387246409958152
415.981729026479059
428.768729621651175
441.748125196043873
454.919803052382406
468.283659829389933
481.839496338051958
495.587193223616850
509.526669637669386
523.657760386268365
537.980255596491020
552.494107524763763
567.199228918813560
582.095262087632591
597.182307296774525
612.459974202359263
627.928299962340361
643.587107423735574
659.436136990659747
675.475306780242136
691.704477151524998
708.123452347991019
724.732034561288401
741.530136404256609
758.517574247068296
775.694160911522886
793.059703442854243
810.614089872181466
828.357105524027702
846.288584524495946
864.408344928719202
882.716235426797994
901.212037417241504
919.895606620630019
938.766731895319936
957.825244420021136
977.070904978589738
