   0.0000000000000000      ,  -1.0000000000000016      ,  -1.0000000000000000      , -0.60000000000000120      , -0.60000000000000053      ,
   3.0303030303030304E-002 ,  -1.0003673359710281      ,  -1.0003673356615883      , -0.61080121973348422      , -0.61080121942404386      ,
   6.0606060606060608E-002 ,  -1.0014696697862824      ,  -1.0014696500366889      , -0.62220138150498194      , -0.62220136175538721      ,
   9.0909090909090912E-002 ,  -1.0033080368146310      ,  -1.0033078128910895      , -0.63418624002236457      , -0.63418601609882252      ,
  0.12121212121212122      ,  -1.0058843520712586      ,  -1.0058831020766441      , -0.64674038922303767      , -0.64673913922842075      ,
  0.15151515151515152      ,  -1.0092016844728826      ,  -1.0091969561173275      , -0.65984726229203317      , -0.65984253393647485      ,
  0.18181818181818182      ,  -1.0132646209881275      ,  -1.0132506481589718      , -0.67348919914183192      , -0.67347522631267431      ,
  0.21212121212121213      ,  -1.0180797004434363      ,  -1.0180449011783608      , -0.68764756826216356      , -0.68761276899708956      ,
  0.24242424242424243      ,  -1.0236558899843089      ,  -1.0235794690470699      , -0.70230292880543321      , -0.70222650786819396      ,
  0.27272727272727271      ,  -1.0300050692177232      ,  -1.0298527114980440      , -0.71743521880911476      , -0.71728286108943418      ,
  0.30303030303030304      ,  -1.0371424773771269      ,  -1.0368611926455531      , -0.73302395641923435      , -0.73274267168765994      ,
  0.33333333333333337      ,  -1.0450870672594519      ,  -1.0445993319377460      , -0.74904844264136972      , -0.74856070731966384      ,
  0.36363636363636365      ,  -1.0538616967453738      ,  -1.0530591329975119      , -0.76548795624428767      , -0.76468539249642464      ,
  0.39393939393939392      ,  -1.0634930763649162      ,  -1.0622300098358308      , -0.78232193371928327      , -0.78105886719019901      ,
  0.42424242424242425      ,  -1.0740113835714242      ,  -1.0720987219469740      , -0.79953012943548529      , -0.79761746781103704      ,
  0.45454545454545459      ,  -1.0854494574747471      ,  -1.0826494207441217      , -0.81709275316304519      , -0.81429271643241863      ,
  0.48484848484848486      ,  -1.0978415099102992      ,  -1.0938638008138961      , -0.83499058385852787      , -0.83101287476212060      ,
  0.51515151515151514      ,  -1.1112213375915088      ,  -1.1057213416908755      , -0.85320505997224072      , -0.84770506407160851      ,
  0.54545454545454541      ,  -1.1256200985872860      ,  -1.1181996201689717      , -0.87171834754317157      , -0.86429786912485951      ,
  0.57575757575757580      ,  -1.1410638168839888      ,  -1.1312746700634337      , -0.89051338802291347      , -0.88072424120235948      ,
  0.60606060606060608      ,  -1.1575708793628707      ,  -1.1449213658500854      , -0.90957392816359095      , -0.89692441465080641      ,
  0.63636363636363635      ,  -1.1751498562597513      ,  -1.1591138083776582      , -0.92888453447230324      , -0.91284848659020901      ,
  0.66666666666666674      ,  -1.1937979750336682      ,  -1.1738256942557714      , -0.94843059473205815      , -0.92845831395416156      ,
  0.69696969696969702      ,  -1.2135004923123316      ,  -1.1890306548477447      , -0.96819830896747550      , -0.94372847150288897      ,
  0.72727272727272729      ,  -1.2342310544689092      ,  -1.2047025553715849      , -0.98817467203554465      , -0.95864617293821985      ,
  0.75757575757575757      ,  -1.2559529593006504      ,  -1.2208157489015048      ,  -1.0083474497817999      , -0.97321023938265494      ,
  0.78787878787878785      ,  -1.2786210843029153      ,  -1.2373452837160772      ,  -1.0287051504460485      , -0.98742934985921527      ,
  0.81818181818181823      ,  -1.3021841708828481      ,  -1.2542670652852173      ,  -1.0492369927476111      ,  -1.0013198871499818      ,
  0.84848484848484851      ,  -1.3265871574433528      ,  -1.2715579761994518      ,  -1.0699328718397703      ,  -1.0149036905958697      ,
  0.87878787878787878      ,  -1.3517733181386995      ,  -1.2891959585942316      ,  -1.0907833241043536      ,  -1.0282059645598862      ,
  0.90909090909090917      ,  -1.3776860555068449      ,  -1.3071600642376497      ,  -1.1117794915631356      ,  -1.0412535002939378      ,
  0.93939393939393945      ,  -1.4042702841848269      ,  -1.3254304775807531      ,  -1.1329130865146677      ,  -1.0540732799105967      ,
  0.96969696969696972      ,  -1.4314734113782923      ,  -1.3439885168591768      ,  -1.1541763568620684      ,  -1.0666914623429515      ,
   1.0000000000000000      ,  -1.4592459621117495      ,  -1.3628166179074923      ,  -1.1755620524777217      ,  -1.0791327082734652      ,
   1.0303030303030303      ,  -1.4875419165089174      ,  -1.3818983048034110      ,  -1.1970633928524790      ,  -1.0914197811469712      ,
   1.0606060606060606      ,  -1.5163188291118217      ,  -1.4012181508706365      ,  -1.2186740361969859      ,  -1.1035733579557980      ,
   1.0909090909090908      ,  -1.5455377934063304      ,  -1.4207617329884521      ,  -1.2403880500989994      ,  -1.1156119896811219      ,
   1.1212121212121213      ,  -1.5751633036363919      ,  -1.4405155816139814      ,  -1.2621998837902184      ,  -1.1275521617678119      ,
   1.1515151515151516      ,  -1.6051630541296533      ,  -1.4604671284380875      ,  -1.2841043420372245      ,  -1.1394084163456575      ,
   1.1818181818181819      ,  -1.6355077055970124      ,  -1.4806046531748185      ,  -1.3060965606414601      ,  -1.1511935082192626      ,
   1.2121212121212122      ,  -1.6661706389824005      ,  -1.5009172306281102      ,  -1.3281719835113202      ,  -1.1629185751570295      ,
   1.2424242424242424      ,  -1.6971277105487395      ,  -1.5213946788844042      ,  -1.3503263412534059      ,  -1.1745933095890697      ,
   1.2727272727272727      ,  -1.7283570167898343      ,  -1.5420275092397957      ,  -1.3725556312192457      ,  -1.1948627992663332      ,
   1.3030303030303030      ,  -1.7598386741321721      ,  -1.5628068782785163      ,  -1.3948560989365819      ,  -1.2168542157758702      ,
   1.3333333333333335      ,  -1.7915546159006617      ,  -1.5837245423686956      ,  -1.4172242208503150      ,  -1.2389681045016336      ,
   1.3636363636363638      ,  -1.8234884073732638      ,  -1.6047728147245190      ,  -1.4396566882964885      ,  -1.2611945083813294      ,
   1.3939393939393940      ,  -1.8556250787022281      ,  -1.6259445250953164      ,  -1.4621503926326074      ,  -1.2835244889686555      ,
   1.4242424242424243      ,  -1.8879509748519065      ,  -1.6472329820759555      ,  -1.4847024114489937      ,  -1.3059500092000180      ,
   1.4545454545454546      ,  -1.9204536213592989      ,  -1.6686319379850481      ,  -1.5073099957880491      ,  -1.3284638297984162      ,
   1.4848484848484849      ,  -1.9531216045674422      ,  -1.6901355562236247      ,  -1.5299705583011949      ,  -1.3510594180189417      ,
   1.5151515151515151      ,  -1.9859444649452946      ,  -1.7117383810042877      ,  -1.5526816622766240      ,  -1.3737308674295863      ,
   1.5454545454545454      ,  -2.0189126021447192      ,  -1.7334353093267143      ,  -1.5754410114745006      ,  -1.3964728274749250      ,
   1.5757575757575757      ,  -2.0520171905241567      ,  -1.7552215650675969      ,  -1.5982464407100121      ,  -1.4192804416594182      ,
   1.6060606060606062      ,  -2.0852501039690203      ,  -1.7770926750501483      ,  -1.6210959071284088      ,  -1.4421492932926754      ,
   1.6363636363636365      ,  -2.1186038489476191      ,  -1.7990444469590485      ,  -1.6439874821197951      ,  -1.4650753578493265      ,
   1.6666666666666667      ,  -2.1520715048503676      ,  -1.8210729489695510      ,  -1.6669193438250556      ,  -1.4880549611036900      ,
   1.6969696969696970      ,  -2.1856466707641240      ,  -1.8431744909645744      ,  -1.6898897701878497      ,  -1.5110847423005145      ,
   1.7272727272727273      ,  -2.2193234179304251      ,  -1.8653456072193400      ,  -1.7128971325106814      ,  -1.5341616217154197      ,
   1.7575757575757576      ,  -2.2530962472245712      ,  -1.8875830404398735      ,  -1.7359398894763913      ,  -1.5572827720416380      ,
   1.7878787878787878      ,  -2.2869600510719170      ,  -1.9098837270487650      ,  -1.7590165815992602      ,  -1.5804455931132804      ,
   1.8181818181818183      ,  -2.3209100792885660      ,  -1.9322447836185515      ,  -1.7821258260726247      ,  -1.6036476895400991      ,
   1.8484848484848486      ,  -2.3549419083959391      ,  -1.9546634943601884      ,  -1.8052663119825563      ,  -1.6268868508852052      ,
   1.8787878787878789      ,  -2.3890514140140944      ,  -1.9771372995809944      ,  -1.8284367958595051      ,  -1.6501610340664095      ,
   1.9090909090909092      ,  -2.4232347459867705      ,  -1.9996637850329126      ,  -1.8516360975419925      ,  -1.6734683477044132      ,
   1.9393939393939394      ,  -2.4574883059334662      ,  -2.0222406720781620      ,  -1.8748630963285629      ,  -1.6968070381779470      ,
   1.9696969696969697      ,  -2.4918087269609375      ,  -2.0448658086053539      ,  -1.8981167273960469      ,  -1.7201754771776627      ,
   2.0000000000000000      ,  -2.5261928552985928      ,  -2.0675371606344379      ,  -1.9213959784639267      ,  -1.7435721505781323      ,
   2.0303030303030303      ,  -2.5606377336505934      ,  -2.0902528045540727      ,  -1.9446998866862799      ,  -1.7669956484708518      ,
   2.0606060606060606      ,  -2.5951405860820431      ,  -2.1130109199396974      ,  -1.9680275357541170      ,  -1.7904446562215786      ,
   2.0909090909090908      ,  -2.6296988042779468      ,  -2.1358097829049103      ,  -1.9913780531925496      ,  -1.8139179464329349      ,
   2.1212121212121211      ,  -2.6643099350327191      ,  -2.1586477599428937      ,  -2.0147506078380806      ,  -1.8374143717083720      ,
   2.1515151515151514      ,  -2.6989716688440639      ,  -2.1815233022180722      ,  -2.0381444074829425      ,  -1.8609328581267117      ,
   2.1818181818181817      ,  -2.7336818294997047      ,  -2.2044349402719297      ,  -2.0615586966739992      ,  -1.8844723993478116      ,
   2.2121212121212124      ,  -2.7684383645578436      ,  -2.2273812791095549      ,  -2.0849927546550977      ,  -1.9080320512797400      ,
   2.2424242424242427      ,  -2.8032393366333674      ,  -2.2503609936368036      ,  -2.1084458934422718      ,  -1.9316109272463329      ,
   2.2727272727272729      ,  -2.8380829154114320      ,  -2.2733728244201399      ,  -2.1319174560224567      ,  -1.9552081936014170      ,
   2.3030303030303032      ,  -2.8729673703187482      ,  -2.2964155737437775      ,  -2.1554068146666072      ,  -1.9788230657423516      ,
   2.3333333333333335      ,  -2.9078910637900810      ,  -2.3194881019409546      ,  -2.1789133693492406      ,  -2.0024548044811743      ,
   2.3636363636363638      ,  -2.9428524450745721      ,  -2.3425893239779279      ,  -2.2024365462668793      ,  -2.0261027127365034      ,
   2.3939393939393940      ,  -2.9778500445318001      ,  -2.3657182062712443      ,  -2.2259757964483429      ,  -2.0497661325134748      ,
   2.4242424242424243      ,  -3.0128824683731441      ,  -2.3888737637204862      ,  -2.2495305944506159      ,  -2.0734444421430061      ,
   2.4545454545454546      ,  -3.0479483938082828      ,  -2.4120550569399812      ,  -2.2731004371342709      ,  -2.0971370537544707      ,
   2.4848484848484849      ,  -3.0830465645608567      ,  -2.4352611896745442      ,  -2.2966848425130415      ,  -2.1208434109592273      ,
   2.5151515151515151      ,  -3.1181757867208733      ,  -2.4584913063854978      ,  -2.3202833486724410      ,  -2.1445629867244649      ,
   2.5454545454545454      ,  -3.1533349249047458      ,  -2.4817445899942605      ,  -2.3438955127527858      ,  -2.1682952814194532      ,
   2.5757575757575757      ,  -3.1885228986964926      ,  -2.5050202597719107      ,  -2.3675209099922978      ,  -2.1920398210179295      ,
   2.6060606060606060      ,  -3.2237386793464475      ,  -2.5283175693640265      ,  -2.3911591328262034      ,  -2.2157961554421148      ,
   2.6363636363636362      ,  -3.2589812867058781      ,  -2.5516358049410850      ,  -2.4148097900382326      ,  -2.2395638570355869      ,
   2.6666666666666670      ,  -3.2942497863780504      ,  -2.5749742834652491      ,  -2.4384725059609798      ,  -2.2633425191531562      ,
   2.6969696969696972      ,  -3.3295432870680854      ,  -2.5983323510653262      ,  -2.4621469197219774      ,  -2.2871317548575458      ,
   2.7272727272727275      ,  -3.3648609381155681      ,  -2.6217093815121730      ,  -2.4858326845325416      ,  -2.3109311957133114      ,
   2.7575757575757578      ,  -3.4002019271953068      ,  -2.6451047747876517      ,  -2.5095294670165238      ,  -2.3347404906696907      ,
   2.7878787878787881      ,  -3.4355654781730580      ,  -2.6685179557403318      ,  -2.5332369465766069      ,  -2.3585593050246558      ,
   2.8181818181818183      ,  -3.4709508491040126      ,  -2.6919483728222433      ,  -2.5569548147956480      ,  -2.3823873194634007      ,
   2.8484848484848486      ,  -3.5063573303632141      ,  -2.7153954969009648      ,  -2.5806827748708128      ,  -2.4062242291649345      ,
   2.8787878787878789      ,  -3.5417842428976956      ,  -2.7388588201419415      ,  -2.6044205410786070      ,  -2.4300697429712170      ,
   2.9090909090909092      ,  -3.5772309365912265      ,  -2.7623378549563378      ,  -2.6281678382687836      ,  -2.4539235826137582      ,
   2.9393939393939394      ,  -3.6126967887332917      ,  -2.7858321330100222      ,  -2.6519244013853429      ,  -2.4777854819929752      ,
   2.9696969696969697      ,  -3.6481812025845897      ,  -2.8093412042896340      ,  -2.6756899750130536      ,  -2.5016551865061913      ,
   3.0000000000000000      ,  -3.6836836060319436      ,  -2.8328646362220105      ,  -2.6994643129478546      ,  -2.5255324524203631      ,
