   0.0000000000000000      ,  -1.0000000000000007      ,  -1.0000000000000004      , -0.50000000000000067      , -0.50000000000000022      ,
   3.0303030303030304E-002 ,  -1.0004017807551415      ,  -1.0004017679907158      , -0.51254473335157702      , -0.51254472058715050      ,
   6.0606060606060608E-002 ,  -1.0016076573952508      ,  -1.0016072500598634      , -0.52564753796440045      , -0.52564713062901225      ,
   9.0909090909090912E-002 ,  -1.0036196492430451      ,  -1.0036165702943345      , -0.53928389342386429      , -0.53928081447515408      ,
  0.12121212121212122      ,  -1.0064419838503396      ,  -1.0064290932808235      , -0.55342841254980601      , -0.55341552198029043      ,
  0.15151515151515152      ,  -1.0100817790478387      ,  -1.0100427701133166      , -0.56805526873368428      , -0.56801625979916182      ,
  0.18181818181818182      ,  -1.0145496386786479      ,  -1.0144535754607049      , -0.58313857407658753      , -0.58304251085864411      ,
  0.21212121212121213      ,  -1.0198601258492046      ,  -1.0196550585822233      , -0.59865270282640470      , -0.59844763555942349      ,
  0.24242424242424243      ,  -1.0260320718446996      ,  -1.0256380251939261      , -0.61457255859167115      , -0.61417851194089768      ,
  0.27272727272727271      ,  -1.0330886721404606      ,  -1.0323903593336616      , -0.63087378694323315      , -0.63017547413643404      ,
  0.30303030303030304      ,  -1.0410573150658748      ,  -1.0398969855673632      , -0.64753293726149330      , -0.64637260776298022      ,
  0.33333333333333337      ,  -1.0499690867507159      ,  -1.0481399630204518      , -0.66452757911089622      , -0.66269845538063299      ,
  0.36363636363636365      ,  -1.0598579022663206      ,  -1.0570986948581316      , -0.68183637915118855      , -0.67907717174299909      ,
  0.39393939393939392      ,  -1.0707592321541437      ,  -1.0667502308683197      , -0.69943914477956581      , -0.69543014349374221      ,
  0.42424242424242425      ,  -1.0827084296792009      ,  -1.0770696372791397      , -0.71731684049137023      , -0.71167804809130919      ,
  0.45454545454545459      ,  -1.0957387177999955      ,  -1.0880304070157221      , -0.73545158248470799      , -0.72774327170043596      ,
  0.48484848484848486      ,  -1.1098789608227830      ,  -1.0996048850263729      , -0.75382661642715942      , -0.74355254063074872      ,
  0.51515151515151514      ,  -1.1251514114287546      ,  -1.1117646865569806      , -0.77242628263443303      , -0.75903955776265852      ,
  0.54545454545454541      ,  -1.1415696705726694      ,  -1.1244810906514289      , -0.79123597224122477      , -0.77414739231998442      ,
  0.57575757575757580      ,  -1.1591371062524640      ,  -1.1377253960260796      , -0.81024207731233067      , -0.78883036708594456      ,
  0.60606060606060608      ,  -1.1778459354843884      ,  -1.1514692312301309      , -0.82943193727003839      , -0.80305523301578197      ,
  0.63636363636363635      ,  -1.1976770850727698      ,  -1.1656848152426889      , -0.84879378351251122      , -0.81680151368243037      ,
  0.66666666666666674      ,  -1.2186008306385088      ,  -1.1803451681272483      , -0.86831668366984460      , -0.83006102115858427      ,
  0.69696969696969702      ,  -1.2405780998206815      ,  -1.1954242739752028      , -0.88799048658675039      , -0.84283666074127139      ,
  0.72727272727272729      ,  -1.2635622430790585      ,  -1.2108972001489033      , -0.90780576882747610      , -0.85514072589731971      ,
  0.75757575757575757      ,  -1.2875010403709948      ,  -1.2267401778845213      , -0.92775378326209612      , -0.86699292077562284      ,
  0.78787878787878785      ,  -1.3123387239804734      ,  -1.2429306497746531      , -0.94782641010571655      , -0.87841833589989871      ,
  0.81818181818181823      ,  -1.3380178437173316      ,  -1.2594472896683317      , -0.96801611063578596      , -0.88944555658678559      ,
  0.84848484848484851      ,  -1.3644808619965825      ,  -1.2762700002387921      , -0.98831588370036982      , -0.90010502194257680      ,
  0.87878787878787878      ,  -1.3916714263482894      ,  -1.2933798929928060      ,  -1.0087192250457555      , -0.91042769169027049      ,
  0.90909090909090917      ,  -1.4195353151442409      ,  -1.3107592549206812      ,  -1.0292200894294807      , -0.92044402920591850      ,
  0.93939393939393945      ,  -1.4480210847534498      ,  -1.3283915053799908      ,  -1.0498128554403356      , -0.93018327606687956      ,
  0.96969696969696972      ,  -1.4770804637802466      ,  -1.3462611462143712      ,  -1.0704922929162768      , -0.93967297535040273      ,
   1.0000000000000000      ,  -1.5066685458330675      ,  -1.3643537075597831      ,  -1.0912535328311801      , -0.94893869455789570      ,
   1.0303030303030303      ,  -1.5367438303779266      ,  -1.3826556913003114      ,  -1.1120920395096794      , -0.95800390043206662      ,
   1.0606060606060606      ,  -1.5672681551168248      ,  -1.4011545137097905      ,  -1.1330035850237172      , -0.96688994361668534      ,
   1.0909090909090908      ,  -1.5982065555425031      ,  -1.4198384484547313      ,  -1.1539842256234245      , -0.97561611853565355      ,
   1.1212121212121213      ,  -1.6295270794706473      ,  -1.4386965708341992      ,  -1.1750302800572194      , -0.98419977142076986      ,
   1.1515151515151516      ,  -1.6612005773100194      ,  -1.4577187038874975      ,  -1.1961383096405529      , -0.99265643621803212      ,
   1.1818181818181819      ,  -1.6932004829605549      ,  -1.4768953668039884      ,  -1.2173050999389246      ,  -1.0009999837823580      ,
   1.2121212121212122      ,  -1.7255025955805718      ,  -1.4962177259140321      ,  -1.2385276439378092      ,  -1.0092427742712686      ,
   1.2424242424242424      ,  -1.7580848689264825      ,  -1.5156775484191909      ,  -1.2598031265799068      ,  -1.0173958060726143      ,
   1.2727272727272727      ,  -1.7909272123645164      ,  -1.5352671589274773      ,  -1.2811289105579253      ,  -1.0294803068211396      ,
   1.3030303030303030      ,  -1.8240113057946938      ,  -1.5549793987902389      ,  -1.3025025232590286      ,  -1.0500668399773065      ,
   1.3333333333333335      ,  -1.8573204294396097      ,  -1.5748075881865211      ,  -1.3239216447648094      ,  -1.0707736421153955      ,
   1.3636363636363638      ,  -1.8908393085887856      ,  -1.5947454908648531      ,  -1.3453840968180641      ,  -1.0915911695563909      ,
   1.3939393939393940      ,  -1.9245539728366101      ,  -1.6147872814279347      ,  -1.3668878326747222      ,  -1.1125108016403096      ,
   1.4242424242424243      ,  -1.9584516290189702      ,  -1.6349275150301734      ,  -1.3884309277659628      ,  -1.1335247418619541      ,
   1.4545454545454546      ,  -1.9925205468727925      ,  -1.6551610993492749      ,  -1.4100115711018018      ,  -1.1546259296301107      ,
   1.4848484848484849      ,  -2.0267499563650748      ,  -1.6754832686894814      ,  -1.4316280573532452      ,  -1.1758079617227746      ,
   1.5151515151515151      ,  -2.0611299556280285      ,  -1.6958895600742072      ,  -1.4532787795554705      ,  -1.1970650225024859      ,
   1.5454545454545454      ,  -2.0956514284695902      ,  -1.7163757911886830      ,  -1.4749622223795236      ,  -1.2183918219873133      ,
   1.5757575757575757      ,  -2.1303059704866882      ,  -1.7369380400380137      ,  -1.4966769559245208      ,  -1.2397835409275340      ,
   1.6060606060606062      ,  -2.1650858228802115      ,  -1.7575726261920730      ,  -1.5184216299865791      ,  -1.2612357821049218      ,
   1.6363636363636365      ,  -2.1999838131477887      ,  -1.7782760934955562      ,  -1.5401949687645662      ,  -1.2827445271428639      ,
   1.6666666666666667      ,  -2.2349933019083910      ,  -1.7990451941287444      ,  -1.5619957659661929      ,  -1.3043060981871308      ,
   1.6969696969696970      ,  -2.2701081351878671      ,  -1.8198768739119520      ,  -1.5838228802812215      ,  -1.3259171238855969      ,
   1.7272727272727273      ,  -2.3053226015652593      ,  -1.8407682587541279      ,  -1.6056752311915683      ,  -1.3475745091593572      ,
   1.7575757575757576      ,  -2.3406313936450180      ,  -1.8617166421531546      ,  -1.6275517950905090      ,  -1.3692754083163516      ,
   1.7878787878787878      ,  -2.3760295733797050      ,  -1.8827194736625079      ,  -1.6494516016858929      ,  -1.3910172011117612      ,
   1.8181818181818183      ,  -2.4115125408214340      ,  -1.9037743482454510      ,  -1.6713737306642906      ,  -1.4127974714069829      ,
   1.8484848484848486      ,  -2.4470760059283823      ,  -1.9248789964442419      ,  -1.6933173085950706      ,  -1.4346139881213364      ,
   1.8787878787878789      ,  -2.4827159630954370      ,  -1.9460312752976603      ,  -1.7152815060551956      ,  -1.4564646882079810      ,
   1.9090909090909092      ,  -2.5184286681162744      ,  -1.9672291599457037      ,  -1.7372655349572592      ,  -1.4783476614185358      ,
   1.9393939393939394      ,  -2.5542106173175516      ,  -1.9884707358652722      ,  -1.7592686460646776      ,  -1.5002611366497880      ,
   1.9696969696969697      ,  -2.5900585286357631      ,  -2.0097541916854200      ,  -1.7812901266794452      ,  -1.5222034696911848      ,
   2.0000000000000000      ,  -2.6259693244335853      ,  -2.0310778125351017      ,  -1.8033292984889724      ,  -1.5441731322140868      ,
   2.0303030303030303      ,  -2.6619401158754838      ,  -2.0524399738802286      ,  -1.8253855155598573      ,  -1.5661687018629906      ,
   2.0606060606060606      ,  -2.6979681887027995      ,  -2.0738391358106374      ,  -1.8474581624672002      ,  -1.5881888533260060      ,
   2.0909090909090908      ,  -2.7340509902665029      ,  -2.0952738377407880      ,  -1.8695466525492990      ,  -1.6102323502765614      ,
   2.1212121212121211      ,  -2.7701861176914870      ,  -2.1167426934912048      ,  -1.8916504262782297      ,  -1.6322980380912759      ,
   2.1515151515151514      ,  -2.8063713070603047      ,  -2.1382443867203684      ,  -1.9137689497376094      ,  -1.6543848372602099      ,
   2.1818181818181817      ,  -2.8426044235164203      ,  -2.1597776666794224      ,  -1.9359017131996981      ,  -1.6764917374155806      ,
   2.2121212121212124      ,  -2.8788834521979978      ,  -2.1813413442643372      ,  -1.9580482297944182      ,  -1.6986177919136207      ,
   2.2424242424242427      ,  -2.9152064899226668      ,  -2.2029342883423300      ,  -1.9802080342636994      ,  -1.7207621129118853      ,
   2.2727272727272729      ,  -2.9515717375523067      ,  -2.2245554223313282      ,  -2.0023806817948535      ,  -1.7429238668908316      ,
   2.3030303030303032      ,  -2.9879774929742045      ,  -2.2462037210129604      ,  -2.0245657469274256      ,  -1.7651022705744113      ,
   2.3333333333333335      ,  -3.0244221446417576      ,  -2.2678782075612851      ,  -2.0467628225282049      ,  -1.7872965872093862      ,
   2.3636363636363638      ,  -3.0609041656235352      ,  -2.2895779507708753      ,  -2.0689715188295841      ,  -1.8095061231676806      ,
   2.3939393939393940      ,  -3.0974221081149373      ,  -2.3113020624692009      ,  -2.0911914625269201      ,  -1.8317302248398974      ,
   2.4242424242424243      ,  -3.1339745983711449      ,  -2.3330496950996493      ,  -2.1134222959306688      ,  -1.8539682757917113      ,
   2.4545454545454546      ,  -3.1705603320242810      ,  -2.3548200394624055      ,  -2.1356636761696084      ,  -1.8762196941577989      ,
   2.4848484848484849      ,  -3.2071780697513192      ,  -2.3766123226016620      ,  -2.1579152744416144      ,  -1.8984839302507686      ,
   2.5151515151515151      ,  -3.2438266332625307      ,  -2.3984258058284258      ,  -2.1801767753088130      ,  -1.9207604643648328      ,
   2.5454545454545454      ,  -3.2805049015832619      ,  -2.4202597828691323      ,  -2.2024478760340256      ,  -1.9430488047562005      ,
   2.5757575757575757      ,  -3.3172118076042727      ,  -2.4421135781309675      ,  -2.2247282859558828      ,  -1.9653484857838868      ,
   2.6060606060606060      ,  -3.3539463348784242      ,  -2.4639865450756533      ,  -2.2470177258999415      ,  -1.9876590661964884      ,
   2.6363636363636362      ,  -3.3907075146433718      ,  -2.4858780646939294      ,  -2.2693159276234787      ,  -2.0099801275516795      ,
   2.6666666666666670      ,  -3.4274944230519444      ,  -2.5077875440737540      ,  -2.2916226332917815      ,  -2.0323112727568358      ,
   2.6969696969696972      ,  -3.4643061785935036      ,  -2.5297144150556172      ,  -2.3139375949838952      ,  -2.0546521247200413      ,
   2.7272727272727275      ,  -3.5011419396911050      ,  -2.5516581329690360      ,  -2.3362605742258991      ,  -2.0770023251019358      ,
   2.7575757575757578      ,  -3.5380009024606460      ,  -2.5736181754445395      ,  -2.3585913415500195      ,  -2.0993615331598146      ,
   2.7878787878787881      ,  -3.5748822986194031      ,  -2.5955940412961911      ,  -2.3809296760779155      ,  -2.1217294246760927      ,
   2.8181818181818183      ,  -3.6117853935324624      ,  -2.6175852494697120      ,  -2.4032753651266199      ,  -2.1441056909641207      ,
   2.8484848484848486      ,  -3.6487094843865684      ,  -2.6395913380519311      ,  -2.4256282038357511      ,  -2.1664900379449072      ,
   2.8787878787878789      ,  -3.6856538984817506      ,  -2.6616118633374679      ,  -2.4479879948146639      ,  -2.1888821852889575      ,
   2.9090909090909092      ,  -3.7226179916320654      ,  -2.6836463989488570      ,  -2.4703545478083280      ,  -2.2112818656179281      ,
   2.9393939393939394      ,  -3.7596011466672419      ,  -2.7056945350066495      ,  -2.4927276793808084      ,  -2.2336888237613337      ,
   2.9696969696969697      ,  -3.7966027720280677      ,  -2.7277558773462443      ,  -2.5151072126152796      ,  -2.2561028160639149      ,
   3.0000000000000000      ,  -3.8336223004485563      ,  -2.7498300467784360      ,  -2.5374929768295442      ,  -2.2785236097396946      ,
